-0.2515323
0.36457956
-0.41781583
0.8353392
-0.9058853
0.94618106
-0.12034095
-0.22847329
-0.23654132
0.15637042
-0.7174194
0.66156256
-0.65362704
0.5287744
-0.9643902
0.037966635
0.112313434
0.00830531
-0.49743104
-0.4898145
0.070926785
-0.15232852
0.74108183
0.554811
-0.7208791
0.3247661
-0.28029838
-0.46240333
-0.10973667
-0.7678316
-0.7867664
-0.8773931
-0.08812162
-0.48618242
-0.086089775
-0.07108845
0.67141414
0.91024905
-0.63946927
0.06281641
0.5853568
0.022609724
0.9146302
-0.016301706
0.98517036
-0.18300176
-0.79780346
0.05409225
-0.52575594
-0.7354964
